problem      n      p      epsilon      norm_psi0      alpha_theory   alpha        ratio      dev_1step      status
PCA          100    10     0.01         5.632807e+03   5.299510e-05   1.469155e-04 2.7722     1.000000e-02   INVALIDE
PCA          100    10     1e-05        5.931664e+03   9.465282e-06   2.415195e-05 2.5516     1.000000e-05   INVALIDE
PCA          100    10     1e-08        5.513879e+03   1.813515e-06   4.772133e-06 2.6314     1.000000e-08   INVALIDE
PCA          100    10     1e-12        5.700868e+03   1.754118e-07   4.410602e-07 2.5144     1.000062e-12   INVALIDE
PCA          500    50     0.01         2.827657e+05   1.055684e-06   5.281804e-06 5.0032     1.000000e-02   INVALIDE
PCA          500    50     1e-05        2.808388e+05   1.999185e-07   9.447516e-07 4.7257     1.000000e-05   INVALIDE
PCA          500    50     1e-08        2.762660e+05   3.619519e-08   1.731693e-07 4.7843     1.000000e-08   INVALIDE
PCA          500    50     1e-12        2.737937e+05   3.652384e-09   1.735313e-08 4.7512     1.000359e-12   INVALIDE
PCA          1000   100    0.01         1.576951e+06   1.892964e-07   1.241401e-06 6.5580     1.000000e-02   INVALIDE
PCA          1000   100    1e-05        1.570142e+06   3.575782e-08   2.187057e-07 6.1163     1.000000e-05   INVALIDE
PCA          1000   100    1e-08        1.574471e+06   6.351020e-09   3.915214e-08 6.1647     1.000000e-08   INVALIDE
PCA          1000   100    1e-12        1.580079e+06   6.328795e-10   3.884854e-09 6.1384     1.000030e-12   INVALIDE
Procrustes   100    10     0.01         4.565168e+05   6.538886e-07   2.006546e-06 3.0686     1.000000e-02   INVALIDE
Procrustes   100    10     1e-05        4.561902e+05   1.230734e-07   3.426209e-07 2.7839     1.000000e-05   INVALIDE
Procrustes   100    10     1e-08        4.587130e+05   2.179903e-08   6.449780e-08 2.9587     1.000000e-08   INVALIDE
Procrustes   100    10     1e-12        4.470913e+05   2.236679e-09   5.979531e-09 2.6734     1.000131e-12   INVALIDE
Procrustes   500    50     0.01         2.442481e+07   1.222164e-08   6.343455e-08 5.1903     1.000000e-02   INVALIDE
Procrustes   500    50     1e-05        2.420117e+07   2.319923e-09   1.135986e-08 4.8967     1.000000e-05   INVALIDE
Procrustes   500    50     1e-08        2.421124e+07   4.130106e-10   2.010218e-09 4.8672     1.000000e-08   INVALIDE
Procrustes   500    50     1e-12        2.407212e+07   4.154181e-11   2.045120e-10 4.9230     1.000083e-12   INVALIDE
Procrustes   1000   100    0.01         1.350080e+08   2.211062e-09   1.507795e-08 6.8193     1.000000e-02   INVALIDE
Procrustes   1000   100    1e-05        1.356398e+08   4.139263e-10   2.660869e-09 6.4284     1.000000e-05   INVALIDE
Procrustes   1000   100    1e-08        1.352311e+08   7.394381e-11   4.746981e-10 6.4197     1.000000e-08   INVALIDE
Procrustes   1000   100    1e-12        1.350439e+08   7.404998e-12   4.778401e-11 6.4529     1.000022e-12   INVALIDE
