nthread  n      p      method         alpha        residual q(X)  dist Stiefel   time (s)      
1        100    10     RGD (polar)    4.329e-06    0.04212        1.211e-15      0.0004 ± 0.0001
1        100    10     RGD (qr)       4.329e-06    0.2737         1.366e-15      0.0005 ± 0.0001
1        100    10     Landing        4.642e-06    0.03779        0.002086       0.0003 ± 0.0000
1        100    10     POGO           4.329e-06    0.09703        2.519e-07      0.0003 ± 0.0000
1        500    50     RGD (polar)    1.778e-07    0.03399        2.753e-15      0.0227 ± 0.0022
1        500    50     RGD (qr)       1.778e-07    0.1033         3.11e-15       0.0245 ± 0.0038
1        500    50     Landing        6.31e-08     0.1107         0.4837         0.0195 ± 0.0015
1        500    50     POGO           3.162e-07    0.03903        4.219e-07      0.0346 ± 0.0494
1        1000   100    RGD (polar)    5.623e-08    0.02507        3.213e-15      1.7236 ± 0.1832
1        1000   100    RGD (qr)       5.623e-08    0.1983         4.099e-15      1.5797 ± 0.1660
1        1000   100    Landing        1.585e-08    0.1094         0.4806         1.2900 ± 0.0499
1        1000   100    POGO           1e-07        0.02888        5.459e-07      1.3788 ± 0.0446
2        100    10     RGD (polar)    4.329e-06    0.02601        5.493e-16      0.0035 ± 0.0003
2        100    10     RGD (qr)       4.329e-06    0.3615         1.23e-15       0.0052 ± 0.0006
2        100    10     Landing        4.642e-06    0.0233         0.001543       0.0031 ± 0.0004
2        100    10     POGO           4.329e-06    0.05916        1.428e-07      0.0030 ± 0.0002
2        500    50     RGD (polar)    1.778e-07    0.03508        2.535e-15      0.2422 ± 0.0451
2        500    50     RGD (qr)       1.778e-07    0.1112         3.513e-15      0.1963 ± 0.0292
2        500    50     Landing        6.31e-08     0.1134         0.4836         0.1641 ± 0.0310
2        500    50     POGO           3.162e-07    0.04028        4.102e-07      0.1828 ± 0.0359
2        1000   100    RGD (polar)    5.623e-08    0.0247         3.543e-15      1.0780 ± 0.2139
2        1000   100    RGD (qr)       5.623e-08    0.1542         4.1e-15        1.2319 ± 0.2867
2        1000   100    Landing        1.585e-08    0.1057         0.4861         0.8589 ± 0.0943
2        1000   100    POGO           1e-07        0.02838        5.4e-07        0.8350 ± 0.0997
3        100    10     RGD (polar)    4.329e-06    0.03005        8.085e-16      0.0037 ± 0.0007
3        100    10     RGD (qr)       4.329e-06    0.3961         1.315e-15      0.0052 ± 0.0006
3        100    10     Landing        4.642e-06    0.02693        0.001743       0.0003 ± 0.0000
3        100    10     POGO           4.329e-06    0.06914        2.142e-07      0.0003 ± 0.0001
3        500    50     RGD (polar)    1.778e-07    0.03429        2.314e-15      0.0257 ± 0.0009
3        500    50     RGD (qr)       1.778e-07    0.06693        2.801e-15      0.0325 ± 0.0053
3        500    50     Landing        6.31e-08     0.1102         0.4843         0.0209 ± 0.0005
3        500    50     POGO           3.162e-07    0.03928        3.976e-07      0.0205 ± 0.0011
3        1000   100    RGD (polar)    5.623e-08    0.02495        3.558e-15      0.1500 ± 0.0080
3        1000   100    RGD (qr)       5.623e-08    0.2974         4.333e-15      0.1674 ± 0.0218
3        1000   100    Landing        1.585e-08    0.1064         0.4792         0.8863 ± 0.0073
3        1000   100    POGO           1e-07        0.02869        5.181e-07      0.9016 ± 0.0064
4        100    10     RGD (polar)    4.329e-06    0.02962        7.31e-16       0.0035 ± 0.0004
4        100    10     RGD (qr)       4.329e-06    0.1886         1.579e-15      0.0051 ± 0.0006
4        100    10     Landing        4.642e-06    0.02649        0.001853       0.0030 ± 0.0003
4        100    10     POGO           4.329e-06    0.06902        2.362e-07      0.0030 ± 0.0002
4        500    50     RGD (polar)    1.778e-07    0.03323        2.478e-15      0.2252 ± 0.0108
4        500    50     RGD (qr)       1.778e-07    0.1984         3.043e-15      0.2627 ± 0.0129
4        500    50     Landing        6.31e-08     0.1083         0.4729         0.1837 ± 0.0061
4        500    50     POGO           3.162e-07    0.03816        3.825e-07      0.1983 ± 0.0027
4        1000   100    RGD (polar)    5.623e-08    0.02538        3.722e-15      1.0028 ± 0.0212
4        1000   100    RGD (qr)       5.623e-08    0.2369         4.37e-15       1.2233 ± 0.1762
4        1000   100    Landing        1.585e-08    0.1085         0.475          0.8460 ± 0.0358
4        1000   100    POGO           1e-07        0.02913        5.371e-07      0.7825 ± 0.0121
5        100    10     RGD (polar)    4.329e-06    0.03393        1.004e-15      0.0035 ± 0.0001
5        100    10     RGD (qr)       4.329e-06    0.03387        9.082e-16      0.0005 ± 0.0001
5        100    10     Landing        4.642e-06    0.03045        0.001785       0.0003 ± 0.0000
5        100    10     POGO           4.329e-06    0.07499        1.801e-07      0.0003 ± 0.0000
5        500    50     RGD (polar)    1.778e-07    0.03309        2.402e-15      0.0274 ± 0.0011
5        500    50     RGD (qr)       1.778e-07    0.3395         3.584e-15      0.0261 ± 0.0046
5        500    50     Landing        6.31e-08     0.1079         0.4791         0.0225 ± 0.0017
5        500    50     POGO           3.162e-07    0.03794        3.699e-07      0.0227 ± 0.0014
5        1000   100    RGD (polar)    5.623e-08    0.02485        3.208e-15      0.1335 ± 0.0026
5        1000   100    RGD (qr)       5.623e-08    0.1195         4.219e-15      1.0943 ± 0.0222
5        1000   100    Landing        1.585e-08    0.1067         0.4886         0.7589 ± 0.0110
5        1000   100    POGO           1e-07        0.02859        5.321e-07      0.7194 ± 0.0091
6        100    10     RGD (polar)    4.329e-06    0.03881        7.912e-16      0.0034 ± 0.0001
6        100    10     RGD (qr)       4.329e-06    0.03832        1.103e-15      0.0051 ± 0.0006
6        100    10     Landing        4.642e-06    0.03525        0.001785       0.0031 ± 0.0004
6        100    10     POGO           4.329e-06    0.07982        1.552e-07      0.0031 ± 0.0002
6        500    50     RGD (polar)    1.778e-07    0.03127        2.54e-15       0.1751 ± 0.0074
6        500    50     RGD (qr)       1.778e-07    0.1597         3.01e-15       0.1903 ± 0.0202
6        500    50     Landing        6.31e-08     0.1017         0.4915         0.1466 ± 0.0010
6        500    50     POGO           3.162e-07    0.03584        3.56e-07       0.1484 ± 0.0017
6        1000   100    RGD (polar)    5.623e-08    0.02525        3.471e-15      0.0910 ± 0.0020
6        1000   100    RGD (qr)       5.623e-08    0.2833         3.854e-15      0.1266 ± 0.0196
6        1000   100    Landing        1.585e-08    0.1086         0.4847         0.0820 ± 0.0012
6        1000   100    POGO           1e-07        0.02904        5.332e-07      0.0884 ± 0.0027
