nthread  n      p      retract  q(X)         time (s)    
1        100    10     polar    0.01765      0.0003 ± 0.0001
1        100    10     qr       0.01756      0.0005 ± 0.0001
1        500    50     polar    0.02104      0.0208 ± 0.0012
1        500    50     qr       0.02086      0.0222 ± 0.0021
1        1000   100    polar    0.0216       0.1471 ± 0.0042
1        1000   100    qr       0.02143      0.1430 ± 0.0173
2        100    10     polar    0.01942      0.0004 ± 0.0000
2        100    10     qr       0.01918      0.0005 ± 0.0001
2        500    50     polar    0.0212       0.0188 ± 0.0014
2        500    50     qr       0.02104      0.0201 ± 0.0015
2        1000   100    polar    0.02216      0.1033 ± 0.0016
2        1000   100    qr       0.02198      0.1205 ± 0.0159
3        100    10     polar    0.02376      0.0004 ± 0.0001
3        100    10     qr       0.02348      0.0006 ± 0.0001
3        500    50     polar    0.02062      0.0223 ± 0.0015
3        500    50     qr       0.02045      0.0232 ± 0.0010
3        1000   100    polar    0.0219       0.1493 ± 0.0048
3        1000   100    qr       0.02173      0.1615 ± 0.0159
4        100    10     polar    0.01537      0.0004 ± 0.0001
4        100    10     qr       0.01531      0.0006 ± 0.0001
4        500    50     polar    0.01892      0.0300 ± 0.0014
4        500    50     qr       0.01872      0.0345 ± 0.0007
4        1000   100    polar    0.02206      0.1400 ± 0.0072
4        1000   100    qr       0.02188      0.1544 ± 0.0179
5        100    10     polar    0.02262      0.0004 ± 0.0001
5        100    10     qr       0.02259      0.0005 ± 0.0001
5        500    50     polar    0.02067      0.0248 ± 0.0005
5        500    50     qr       0.02052      0.0320 ± 0.0017
5        1000   100    polar    0.0223       0.1287 ± 0.0025
5        1000   100    qr       0.02212      0.1529 ± 0.0192
6        100    10     polar    0.02493      0.0004 ± 0.0001
6        100    10     qr       0.0246       0.0005 ± 0.0001
6        500    50     polar    0.02107      0.0245 ± 0.0008
6        500    50     qr       0.02092      0.0309 ± 0.0032
6        1000   100    polar    0.02195      0.2083 ± 0.2120
6        1000   100    qr       0.02178      0.8589 ± 0.0260
